# Fix print output for fix extra
115 0.224609375 0.3049453339469495039
166 0.32421875 0.1267593037541444867
197 0.384765625 -0.003973125316938201472
239 0.466796875 -0.10300030703008156152
256 0.5 0.0068928329905067657959
284 0.5546875 0.012334228259158605198
294 0.57421875 -0.029365161016550216794
305 0.595703125 0.39010247324147195869
306 0.59765625 0.12376930276454288504
319 0.623046875 0.029715827678954198632
321 0.626953125 0.050120446251470274213
331 0.646484375 0.61852956735841879699
336 0.65625 0.11277952771105008434
334 0.65234375 0.27661842038470418892
336 0.65625 0.28224100111046718231
333 0.650390625 -0.068592671552770045906
337 0.658203125 0.10110556465037205676
339 0.662109375 0.1919014674539583909
341 0.666015625 0.65796690404310176348
343 0.669921875 0.056363357320626805702
347 0.677734375 0.50710623360523765513
347 0.677734375 0.11331655113956932979
347 0.677734375 0.45338811845676135759
354 0.69140625 0.14507016978698841769
352 0.6875 0.4697530456716953462
350 0.68359375 0.66432363076260492196
348 0.6796875 0.34356144091028245624
350 0.68359375 0.4321040412145217835
356 0.6953125 0.68971855908706869442
351 0.685546875 0.77929214608975272416
347 0.677734375 0.2280827076204309245
350 0.68359375 0.39480324143565903583
350 0.68359375 0.3913974339488093257
352 0.6875 0.60532513562209644409
353 0.689453125 0.055862185484922464995
349 0.681640625 0.5331327136781368603
346 0.67578125 0.57693611191647675707
353 0.689453125 0.43017437100344868561
353 0.689453125 0.41301293534960925591
357 0.697265625 0.4536910788059414501
355 0.693359375 0.39009509121464885917
357 0.697265625 0.58453955504274979216
352 0.6875 0.42808599045019279927
352 0.6875 0.37875583066721291159
354 0.69140625 0.50754399878223022125
356 0.6953125 0.39687445984869457183
358 0.69921875 0.24709082448471519911
349 0.681640625 0.57205356389961581343
349 0.681640625 0.47006658330483791497
353 0.689453125 0.45010423678946809289
353 0.689453125 0.70434196484344313571
347 0.677734375 0.28301650192706301334
349 0.681640625 0.50131057731798844834
351 0.685546875 0.44362495996039558177
350 0.68359375 0.098953075981060401034
355 0.693359375 0.84125534996387207887
350 0.68359375 0.46793869613822908216
348 0.6796875 0.19553670572769707436
349 0.681640625 0.49752165660274244585
348 0.6796875 0.28433203735863804562
349 0.681640625 0.38650853453299022222
352 0.6875 0.66104315662640444895
354 0.69140625 -0.020130800430081419172
360 0.703125 0.66956708278445253857
358 0.69921875 0.47974007054279393936
358 0.69921875 0.47243447466815585711
351 0.685546875 0.26920020487746304516
352 0.6875 0.21253325367360856313
341 0.666015625 0.26865329181383185153
342 0.66796875 0.32206016521837499411
340 0.6640625 0.1312491736652403318
340 0.6640625 0.33145790573959094116
346 0.67578125 0.22028133680491956969
353 0.689453125 0.73908087457278215382
352 0.6875 0.60866103227133616649
351 0.685546875 0.65910205079442951703
347 0.677734375 0.44505364227247651288
346 0.67578125 0.50086507128680757273
344 0.671875 0.17375576558624225565
342 0.66796875 0.34577631776715961331
342 0.66796875 0.48317137928160519555
343 0.669921875 0.28470609435877375359
344 0.671875 0.76492824206438359003
337 0.658203125 0.38675748208554594498
347 0.677734375 0.41537988295425515295
351 0.685546875 0.52895587005085387133
350 0.68359375 0.84856693352656231699
353 0.689453125 0.40114771079662564501
354 0.69140625 0.48091484539745438243
352 0.6875 0.45060428761283560783
358 0.69921875 0.57687108346520388213
354 0.69140625 0.40811151058028793948
358 0.69921875 0.31930698748642555307
361 0.705078125 0.3619452146943369919
366 0.71484375 0.83566601924674410728
366 0.71484375 0.90489857336437207191
365 0.712890625 0.421731705291310488
364 0.7109375 0.58262205152193802249
363 0.708984375 0.34139806915450415792
360 0.703125 0.40092571737642485052
360 0.703125 0.16960994104572049701
361 0.705078125 0.46023883516030889007
357 0.697265625 0.79527683979804819625
356 0.6953125 0.55470243129800977933
356 0.6953125 0.28688217808780192009
360 0.703125 0.66340630768407127249
357 0.697265625 0.58568130410183394385
360 0.703125 0.88114745659752646834
347 0.677734375 0.39503534338583640162
344 0.671875 0.30985157392358797512
336 0.65625 -0.031686825598113310676
339 0.662109375 0.59002582982875118045
335 0.654296875 0.45011055065455901625
337 0.658203125 0.24781635293845760692
339 0.662109375 0.26809333299300047715
336 0.65625 0.037462056403343289845
334 0.65234375 0.61989454779616726121
341 0.666015625 0.45583765029115391743
336 0.65625 0.4893621263160700674
330 0.64453125 -0.038828096096421717276
327 0.638671875 0.27035283234945212127
324 0.6328125 -0.045194140883153710586
324 0.6328125 0.26503153735173784478
329 0.642578125 0.13372753222944935847
328 0.640625 -0.2205310095380837998
331 0.646484375 0.4814805097728949157
334 0.65234375 0.46381379321031795948
336 0.65625 0.10268993539617247979
337 0.658203125 0.54383012890294968322
327 0.638671875 0.26025478670296059436
333 0.650390625 -0.080303108274116061227
337 0.658203125 0.083084235172360867971
340 0.6640625 -0.061638171726618749824
349 0.681640625 0.15676177640808938718
346 0.67578125 0.21398937175992513438
344 0.671875 0.62364488015964336665
343 0.669921875 0.37793078116622386142
343 0.669921875 0.36085654489551571844
342 0.66796875 0.39831297880746791007
340 0.6640625 0.60433065870906665928
342 0.66796875 0.55023414190607744523
342 0.66796875 0.21675073551765466906
350 0.68359375 0.34234181311817496463
355 0.693359375 0.60923328214804606251
352 0.6875 0.51258492322251025808
361 0.705078125 0.45306008154948979039
359 0.701171875 0.735871731191629741
362 0.70703125 0.85064143044775242242
367 0.716796875 0.85172342880008644617
367 0.716796875 0.49819143452779290904
360 0.703125 0.43622243005407534966
357 0.697265625 0.33824252939203242052
361 0.705078125 0.9087555481458080564
363 0.708984375 0.41219046491083738415
363 0.708984375 0.54868792511451003335
366 0.71484375 0.78506176333576005444
366 0.71484375 0.52806875882941461953
358 0.69921875 0.74444439117934413375
362 0.70703125 0.58196682140636191161
364 0.7109375 0.21446768311859285006
366 0.71484375 0.47837460053200303589
367 0.716796875 0.42293067604595918629
366 0.71484375 0.7634972358058282893
367 0.716796875 0.52890660457063232158
361 0.705078125 0.79690900800601083276
360 0.703125 0.53836220315836313954
358 0.69921875 0.50856901469691784268
351 0.685546875 0.52903877410197297504
356 0.6953125 0.56311466080539240853
351 0.685546875 0.14676553771275602234
349 0.681640625 0.47825604871428412102
347 0.677734375 0.44226950025517908216
353 0.689453125 0.45950361723661109492
356 0.6953125 0.48638728697808186752
353 0.689453125 0.49254230218818467746
354 0.69140625 0.44033032904844726652
355 0.693359375 0.18755191545445029644
354 0.69140625 0.56869627551820756128
347 0.677734375 0.49728503215614705546
347 0.677734375 0.31858241817501053994
346 0.67578125 0.26824433923212659403
344 0.671875 0.58357748101992901191
343 0.669921875 0.30015413574288851706
346 0.67578125 0.44821647768161998471
352 0.6875 0.32570734688988683958
355 0.693359375 0.089737135469679762956
350 0.68359375 0.34405247752494649838
350 0.68359375 0.44898960183861730266
344 0.671875 0.6699570919883081066
342 0.66796875 0.44894938514307186628
349 0.681640625 0.61974518370854925209
347 0.677734375 0.20867066080789217764
343 0.669921875 0.12338833144490994609
338 0.66015625 0.33942098268129677896
341 0.666015625 0.19098224424607654348
345 0.673828125 0.49877545734544809219
346 0.67578125 0.65377327707168175763
347 0.677734375 0.24067863803092151564
347 0.677734375 0.25355300985080592158
348 0.6796875 0.35618129799035247451
340 0.6640625 0.38940694967172168051
336 0.65625 0.21482330066845622962
335 0.654296875 0.22636108660169110274
335 0.654296875 0.0030873049858501553332
341 0.666015625 0.44952690489313873456
341 0.666015625 0.4280391697946944185
342 0.66796875 0.17076316828620577426
345 0.673828125 0.40790210708020929742
353 0.689453125 0.64752878903318922266
350 0.68359375 0.23361609659059545674
353 0.689453125 0.49756251761279174373
355 0.693359375 0.28421397597391584444
351 0.685546875 0.56747043405629937762
355 0.693359375 0.64152138664686586544
353 0.689453125 0.30925646332787476434
359 0.701171875 0.60199796558590534801
358 0.69921875 0.56890219310059797486
362 0.70703125 0.85881735163797545685
359 0.701171875 0.69396518431237763647
358 0.69921875 0.46736333415113268108
355 0.693359375 0.33925424215575999964
353 0.689453125 0.51280448412818913084
349 0.681640625 0.31617078340543347537
349 0.681640625 0.59564323579570788159
356 0.6953125 0.25900508549584061457
353 0.689453125 0.090240340836752475084
353 0.689453125 0.11667158543765926426
357 0.697265625 0.45336276602555231063
359 0.701171875 0.35884987795512368614
360 0.703125 0.64564099661398755003
364 0.7109375 0.20850857611638837219
365 0.712890625 0.47626440027556787848
366 0.71484375 0.52381899376273421964
356 0.6953125 0.48077746366330503802
350 0.68359375 0.16245717766113806912
348 0.6796875 0.46008658549174946684
343 0.669921875 0.29958791617520358352
346 0.67578125 0.49077877495498906102
341 0.666015625 0.23332842249249666211
342 0.66796875 0.18470338053735149697
343 0.669921875 0.4274646250096729716
333 0.650390625 0.42567066158978139612
336 0.65625 0.029372818314960597724
335 0.654296875 0.32641198448828528944
333 0.650390625 0.06683580823837580176
336 0.65625 0.32168890907387420741
343 0.669921875 0.28677931619211655123
331 0.646484375 0.42386860691416156088
332 0.6484375 0.44317136774914972497
338 0.66015625 -0.07191333926632896556
350 0.68359375 0.32728917918131411602
348 0.6796875 0.76129603963161163183
352 0.6875 0.5125701175501286011
349 0.681640625 0.40764389831887920534
346 0.67578125 0.61230988885066772731
344 0.671875 0.61461051396636234845
340 0.6640625 0.053319751811282491138
344 0.671875 0.28022500202198957764
339 0.662109375 0.21364375185744075014
343 0.669921875 0.29348328802008460947
347 0.677734375 0.3520819488380251272
342 0.66796875 0.29940430422167968461
340 0.6640625 0.23796084102475967281
340 0.6640625 0.26145946667435787658
338 0.66015625 0.21802061355909718721
335 0.654296875 0.25576473543163941171
335 0.654296875 0.36904452720631830687
334 0.65234375 0.061135399335510008656
332 0.6484375 0.46919076807001247609
339 0.662109375 0.16921869966198907487
342 0.66796875 0.30603057024016711019
344 0.671875 0.37870424067580549243
338 0.66015625 0.37550242727947535926
334 0.65234375 0.23393620061605288618
334 0.65234375 -0.13235773273407311357
336 0.65625 0.12445539581279675689
340 0.6640625 0.32607837755949531378
343 0.669921875 0.22396285778268210098
345 0.673828125 0.25200319342885185714
350 0.68359375 0.2448278727126377563
350 0.68359375 0.35890955689322528999
345 0.673828125 0.082026318892964023011
350 0.68359375 0.65387087848704084081
350 0.68359375 0.49724064821134000836
348 0.6796875 -0.094116886160370324954
348 0.6796875 0.36695371933176718082
345 0.673828125 0.75582037506752330902
343 0.669921875 0.43774766337489195989
349 0.681640625 0.11152647993771203083
351 0.685546875 0.38004628982264176962
357 0.697265625 0.92133524536011890405
358 0.69921875 0.58017449816191690726
366 0.71484375 0.48209905840658756615
364 0.7109375 0.82746007813133237718
362 0.70703125 0.61653513320602360004
365 0.712890625 0.7295338382448322001
362 0.70703125 0.74526891917378401686
360 0.703125 0.69800861105693379205
361 0.705078125 0.74843432840718282506
363 0.708984375 0.29678995891906773119
367 0.716796875 0.92676027136194705225
366 0.71484375 0.25771969327307392428
366 0.71484375 1.1729819582882015094
367 0.716796875 0.49457365675480474687
364 0.7109375 0.6763417345745709186
364 0.7109375 0.6590214128249777259
360 0.703125 0.23130315754299926589
356 0.6953125 0.64464681422660308208
347 0.677734375 0.020567058237020912487
343 0.669921875 0.48761547258142501349
345 0.673828125 0.50652941826611463938
350 0.68359375 0.3131691725917439828
349 0.681640625 0.29214059527527841409
349 0.681640625 0.38958552244395949771
349 0.681640625 0.43878844647101633569
348 0.6796875 0.19040865408246862578
346 0.67578125 0.090728012253145265409
341 0.666015625 0.083787412485469212053
339 0.662109375 0.16168092620228213807
342 0.66796875 0.28512160606362785265
346 0.67578125 0.15111130456935187305
347 0.677734375 0.43005377987406467888
348 0.6796875 0.45132720708321000247
352 0.6875 0.47053264337805417172
349 0.681640625 0.25332914349956414668
352 0.6875 0.22593898290817174268
352 0.6875 0.15018175651995088749
352 0.6875 0.22840717895896908707
352 0.6875 0.28325243215058937274
354 0.69140625 0.37673055461028986945
361 0.705078125 0.73045203787294044062
363 0.708984375 0.35101300190670353674
366 0.71484375 0.67367918924238046063
362 0.70703125 1.0578036511720296797
360 0.703125 0.60178734443405368371
363 0.708984375 0.40344728923480771554
360 0.703125 0.87787029821969653209
358 0.69921875 0.46496953912540783804
361 0.705078125 0.238029392800581302
360 0.703125 0.86507248145948867357
356 0.6953125 0.46968522008442975535
357 0.697265625 0.64460733197760788915
358 0.69921875 0.7276420591781675995
360 0.703125 0.42324234612710470715
365 0.712890625 0.83299778515837374915
364 0.7109375 0.7706500483304224991
363 0.708984375 0.37048588009551625122
361 0.705078125 0.59228778888510769107
360 0.703125 0.62407562585205844652
354 0.69140625 0.73153273984382549688
357 0.697265625 0.61912786273144360116
352 0.6875 -0.018552430084685839901
353 0.689453125 0.53472150050757394357
353 0.689453125 0.16260355695987419034
356 0.6953125 0.38241818928395709953
357 0.697265625 0.43195600272287260069
357 0.697265625 0.23995916613272480489
358 0.69921875 0.49242752070783302187
359 0.701171875 1.0102817899560212478
362 0.70703125 0.42178835590171387393
360 0.703125 0.49257060130749757976
363 0.708984375 0.39586763267208996409
357 0.697265625 0.40485444250974683689
359 0.701171875 0.66122378555910221731
357 0.697265625 0.53260502519220564999
361 0.705078125 0.37703706872566405961
359 0.701171875 0.64516119780146186091
360 0.703125 0.57754146301022402099
364 0.7109375 0.30999528119852531871
360 0.703125 0.40546534335486289491
357 0.697265625 0.35237540946133288911
359 0.701171875 0.65854673559685450446
358 0.69921875 0.44424194385117704575
352 0.6875 0.25017013488168399205
347 0.677734375 0.46666674926959794689
355 0.693359375 0.78608306217299650509
355 0.693359375 0.37784851378322614757
356 0.6953125 0.23969050285575846382
356 0.6953125 0.37939949950761636677
361 0.705078125 0.61565146593665487362
363 0.708984375 0.72104536370621963304
359 0.701171875 0.38986522849234911403
357 0.697265625 0.50388089900258192788
359 0.701171875 0.076998788827922423628
362 0.70703125 0.96080224278502024404
366 0.71484375 0.72124327472793658966
360 0.703125 0.59191900893370952286
355 0.693359375 0.51981433212896710483
356 0.6953125 0.37780458989227949651
356 0.6953125 0.47284615868111612436
355 0.693359375 0.89954909308189934247
358 0.69921875 0.62779029388400375833
351 0.685546875 0.096048061985538765728
357 0.697265625 0.25193791988072794519
353 0.689453125 0.67084635325957531204
357 0.697265625 0.59823307374484835375
356 0.6953125 0.71986147649835119378
357 0.697265625 0.37575235761268871437
356 0.6953125 0.39775699371659017922
359 0.701171875 0.82128152130973253175
361 0.705078125 0.71163816526706458188
364 0.7109375 0.74731658028078651324
356 0.6953125 0.46595295759666610635
353 0.689453125 0.69425414897020987226
350 0.68359375 0.37785751681796758694
353 0.689453125 0.40391558464811677664
350 0.68359375 0.64796366143043504504
345 0.673828125 0.35135012714076846452
351 0.685546875 0.47091550108453361645
349 0.681640625 0.096305291071185683549
340 0.6640625 0.10393943862283420987
341 0.666015625 0.32912112371212587369
338 0.66015625 0.56551950688185892435
337 0.658203125 0.47931761309529014037
334 0.65234375 0.096234949656738788537
331 0.646484375 0.27591396372299076267
338 0.66015625 0.30184172007378745617
334 0.65234375 0.2282906504082508059
337 0.658203125 0.070084422020243133944
342 0.66796875 0.033746360680848387636
345 0.673828125 0.12634123042635714285
341 0.666015625 0.44974531071724183073
340 0.6640625 -0.15514588984096322477
339 0.662109375 0.38655938421061719623
344 0.671875 0.40338138685265784167
340 0.6640625 0.53173789998054299399
344 0.671875 0.27355026081928385251
340 0.6640625 0.31024845045311716385
346 0.67578125 0.35035161530361608184
346 0.67578125 0.29869565021630289925
342 0.66796875 0.49257300549266375134
341 0.666015625 0.36007243550277251432
347 0.677734375 0.33289592870897510846
350 0.68359375 0.37674072617001264085
356 0.6953125 0.50156178612167934272
358 0.69921875 0.74498316840253553384
363 0.708984375 0.19899402188664372382
353 0.689453125 0.49809327276462250778
351 0.685546875 0.17353370798431919098
353 0.689453125 0.25227643371420022111
352 0.6875 0.9283985313204131673
349 0.681640625 0.48155486369884981102
346 0.67578125 0.18083755226755268697
338 0.66015625 0.29347248010838411503
341 0.666015625 0.15257423238390502296
339 0.662109375 -0.066794622236060405274
331 0.646484375 -0.081218414043527406565
323 0.630859375 0.31638080438654386795
329 0.642578125 0.1884956227181137367
333 0.650390625 0.099664166628141037663
339 0.662109375 0.33801360985226791556
347 0.677734375 0.29683071925699333615
345 0.673828125 -0.013745205292569839806
342 0.66796875 0.50962983385846050144
344 0.671875 0.12388668980133780984
350 0.68359375 0.4027668183756837883
350 0.68359375 0.087123510669394166328
352 0.6875 0.16799203141836294151
345 0.673828125 0.26297831628540119242
343 0.669921875 0.26594321198935433337
351 0.685546875 0.4857844580343634866
350 0.68359375 0.40483675950458364312
352 0.6875 0.82246234263768835948
348 0.6796875 0.45995393794894706696
353 0.689453125 0.49180968380256911976
360 0.703125 0.94063330266425448922
358 0.69921875 0.36674375765013739192
362 0.70703125 0.76955777358211341355
363 0.708984375 0.79593413406566349
358 0.69921875 0.41497274890538532466
357 0.697265625 0.70550589295583299165
359 0.701171875 0.65927077501242370428
356 0.6953125 0.18349189088780873402
358 0.69921875 0.3696045702491874696
352 0.6875 0.76015184566666016419
351 0.685546875 0.29747768506034460989
352 0.6875 0.45733802797439399024
352 0.6875 0.75471539517819186127
353 0.689453125 0.36296019460036510473
354 0.69140625 0.35476847415886086923
350 0.68359375 0.28140696123623493152
353 0.689453125 0.19696282922227326129
355 0.693359375 0.26726661054696154718
349 0.681640625 0.8704309469169505542
352 0.6875 0.37050175957048359088
353 0.689453125 0.25482149052344121865
349 0.681640625 0.72202715627993763192
347 0.677734375 0.51919032982679846899
355 0.693359375 0.65854787298634887005
358 0.69921875 0.60050483253126774041
352 0.6875 0.57858967316892673249
351 0.685546875 0.21109617619603879279
349 0.681640625 0.16224418421019407011
353 0.689453125 0.40105071857582214045
348 0.6796875 0.4047069678368582224
352 0.6875 0.75622301942119196649
354 0.69140625 0.62061587086974256966
350 0.68359375 0.45581308451335744714
353 0.689453125 0.38028358855595723043
355 0.693359375 0.73415177773492545921
354 0.69140625 0.9067933054063672671
359 0.701171875 0.25779324881260551328
354 0.69140625 0.26849346389287226389
345 0.673828125 0.25291569095967458836
339 0.662109375 0.41756260200263745075
343 0.669921875 0.36710244155788912535
341 0.666015625 0.48330564814696058695
338 0.66015625 0.29487498794358291132
342 0.66796875 0.19586378929679185146
349 0.681640625 0.54564505494674542252
354 0.69140625 0.43093696613427429076
353 0.689453125 0.88275113214299960607
354 0.69140625 0.49344576482486068869
355 0.693359375 0.39953684028106800641
350 0.68359375 0.55139471364348668914
347 0.677734375 0.57177375810532027334
347 0.677734375 0.233478693381229091
348 0.6796875 0.52490487426168053187
342 0.66796875 0.37110431238463553738
347 0.677734375 0.37618237161674611402
348 0.6796875 0.83527581789093352516
343 0.669921875 0.28560648536229243932
344 0.671875 0.29759031462914625754
344 0.671875 0.26165842390573368359
344 0.671875 0.35053143539661824057
342 0.66796875 0.69067355490938775464
341 0.666015625 0.10835334735397535166
346 0.67578125 0.54936676735069045474
343 0.669921875 -0.026234842733743435339
345 0.673828125 0.36666260575089520968
344 0.671875 0.27120770007817784908
345 0.673828125 0.56573998437965067332
344 0.671875 0.20027037238158809651
345 0.673828125 0.24840543473638665439
344 0.671875 0.14350481910864490431
346 0.67578125 0.47677856866817741599
345 0.673828125 0.55476331210069540489
348 0.6796875 0.39844191702320025383
349 0.681640625 0.31442970795390839944
348 0.6796875 0.53902790097862662844
346 0.67578125 0.30451096884663103603
343 0.669921875 0.052372533450880519312
348 0.6796875 0.42812737932739119984
340 0.6640625 0.42723754919574291611
345 0.673828125 0.4069230910489015085
350 0.68359375 0.070667507024175124641
350 0.68359375 0.28020578056411665768
344 0.671875 0.059783341948493627649
335 0.654296875 0.46847234705576612512
336 0.65625 0.26713086048265083372
343 0.669921875 0.38945619462482944373
346 0.67578125 0.48349838270775569171
352 0.6875 0.47204845775051668122
354 0.69140625 0.53662946714444403895
348 0.6796875 0.081386632338736386583
352 0.6875 0.42219403506270986037
352 0.6875 0.3096673194018501607
352 0.6875 0.40998308872703920214
356 0.6953125 0.62955997286513687428
356 0.6953125 0.37564304984555280109
358 0.69921875 1.0063203684326513798
355 0.693359375 0.561818603913841641
354 0.69140625 0.79829793523009717759
355 0.693359375 0.15761797321053686027
353 0.689453125 0.50151765015045668417
352 0.6875 0.2312058521794002619
356 0.6953125 0.7205565424608540992
352 0.6875 0.52747247028882837672
351 0.685546875 0.42150984320903267522
355 0.693359375 0.56698046025307746731
353 0.689453125 0.4706888525194836137
352 0.6875 0.36341044159292273941
351 0.685546875 0.7211671652582317682
351 0.685546875 0.5768296297237517356
344 0.671875 0.56604068755602288121
341 0.666015625 0.1014759215981032997
349 0.681640625 0.59754387800173913714
355 0.693359375 0.64518920062929663306
358 0.69921875 0.43403076119362432594
358 0.69921875 0.25053043683322090418
359 0.701171875 0.62920185241774484464
358 0.69921875 0.84576077194111876079
356 0.6953125 0.15962662184019785205
358 0.69921875 0.21041555129634290089
360 0.703125 0.34157224050309870078
355 0.693359375 0.57379204459552290984
361 0.705078125 0.68045748660072291614
356 0.6953125 0.50625929143406211974
361 0.705078125 0.87920649334750444748
357 0.697265625 0.48865181922584027818
361 0.705078125 0.70416966727111640623
360 0.703125 0.65262909456605278091
360 0.703125 0.65261227009831401791
360 0.703125 0.77764940035427698728
366 0.71484375 0.82512282532657044154
372 0.7265625 0.67283473646875968655
367 0.716796875 0.74118722386465840657
362 0.70703125 0.77096493809475330483
357 0.697265625 0.71874666681763621501
361 0.705078125 0.27820783439907870171
362 0.70703125 0.40626946021513249407
359 0.701171875 0.38785851193578685381
357 0.697265625 0.60982810511862750591
358 0.69921875 0.38719559149761745287
355 0.693359375 0.5463786840387566679
350 0.68359375 0.51258397639745423291
345 0.673828125 0.23568979771568510095
347 0.677734375 0.4617156012941845411
351 0.685546875 0.71110698603712763077
356 0.6953125 0.75289880633598160742
356 0.6953125 0.5507463762355909731
354 0.69140625 0.33736354483282315897
352 0.6875 0.65613723164020398837
350 0.68359375 0.33955122753267769076
351 0.685546875 0.2958675280902240412
351 0.685546875 0.2886391717627704856
353 0.689453125 0.46214945847988925243
352 0.6875 0.47506278530519902015
351 0.685546875 0.44451481796194286522
348 0.6796875 0.056978532495705336292
354 0.69140625 0.63718652462463276631
353 0.689453125 0.60252829956883846574
349 0.681640625 0.50392932205565843518
345 0.673828125 -0.16660894178292076639
337 0.658203125 0.020143814922005343071
344 0.671875 0.27823222977520312149
346 0.67578125 0.58502684411614902515
344 0.671875 0.4060981444696559195
354 0.69140625 0.48070303807086833814
352 0.6875 0.63370396690323316236
353 0.689453125 0.33830823712352575683
351 0.685546875 0.2183607869108343813
349 0.681640625 0.159085376104223436
345 0.673828125 0.28980197939927559991
342 0.66796875 0.38327175037321498108
347 0.677734375 0.52431120926337493326
345 0.673828125 0.1710020300530304127
341 0.666015625 0.23661441100028199336
341 0.666015625 0.43011204568165806172
353 0.689453125 0.43595053164465408235
352 0.6875 0.75537906567576540429
347 0.677734375 0.46829424501325805918
345 0.673828125 0.058837646798662657233
349 0.681640625 0.72827068428844399239
343 0.669921875 0.54568712047629652773
340 0.6640625 0.55649777837256075852
338 0.66015625 0.12198735353439676965
343 0.669921875 -0.035837674975922780007
349 0.681640625 0.43526647244629496081
352 0.6875 0.46638281051496360829
355 0.693359375 0.3281725217072224976
355 0.693359375 0.47130547132336547689
352 0.6875 0.52072662091780974603
352 0.6875 0.75613352677052347861
353 0.689453125 0.45399570176728271109
344 0.671875 0.20996332838051987024
338 0.66015625 0.3285254573893763852
338 0.66015625 0.16029607033511383829
341 0.666015625 0.032981605941642233581
338 0.66015625 0.51336126163609507866
344 0.671875 0.25642901772654186354
346 0.67578125 0.28154309449379627539
346 0.67578125 0.58756720736460954502
341 0.666015625 0.38017473116667060973
338 0.66015625 0.38089608236327826551
333 0.650390625 0.0027192788298971612947
327 0.638671875 0.10582890002480160874
326 0.63671875 0.085282375099128129858
327 0.638671875 0.44242381937414260173
330 0.64453125 0.56342405246519944306
334 0.65234375 0.12667167632425066492
335 0.654296875 0.1349267928055588317
340 0.6640625 0.19622365345582029605
342 0.66796875 0.16000920172128654806
341 0.666015625 0.089916440477736905845
338 0.66015625 0.21376610699828477169
340 0.6640625 0.44530230766113909624
340 0.6640625 0.32405586305031580663
344 0.671875 0.4164541691874697471
339 0.662109375 0.42747144174016898921
342 0.66796875 0.21065717637755490554
342 0.66796875 0.27955078620426770941
339 0.662109375 0.20504826291951386286
342 0.66796875 0.18059028574003740952
346 0.67578125 0.30559988148725791834
342 0.66796875 0.3730782713647608495
341 0.666015625 0.63395014573501240474
345 0.673828125 0.58272257234869917486
347 0.677734375 0.58927319722229187793
343 0.669921875 0.36229862927529588035
344 0.671875 0.4712746751279843771
343 0.669921875 0.59075328608448962608
350 0.68359375 0.18386735756008085185
346 0.67578125 0.51021360203252053012
344 0.671875 0.60303139225769564202
341 0.666015625 0.69605289173718576379
335 0.654296875 0.27938178755018117094
336 0.65625 0.66745948944226674016
340 0.6640625 0.3532938179007863444
347 0.677734375 0.27789917620965626233
347 0.677734375 0.31201760057658728398
353 0.689453125 0.31895273361348003283
345 0.673828125 0.5826423699790244104
350 0.68359375 0.83106884277044634768
348 0.6796875 0.29485778292799708078
342 0.66796875 0.27276591300605668167
346 0.67578125 0.28694305228048017087
345 0.673828125 0.28720001138742945468
347 0.677734375 0.46936767229045500693
347 0.677734375 0.38826142883900599534
347 0.677734375 0.42963619659243018623
343 0.669921875 0.23932644844254644112
338 0.66015625 0.053027387050313214145
344 0.671875 0.088117610784276975688
347 0.677734375 0.30966414427979011004
350 0.68359375 0.69528163606803639052
351 0.685546875 0.34577353508734387511
360 0.703125 0.44902472422589684298
358 0.69921875 0.52353736320086119438
353 0.689453125 0.2338789401067671303
354 0.69140625 0.37063644822230146225
357 0.697265625 0.48628230844954839496
363 0.708984375 0.45684855300437310355
359 0.701171875 0.52591734748058982518
360 0.703125 0.37633900800628072858
361 0.705078125 0.62417623586756043608
358 0.69921875 0.42123063146202355256
358 0.69921875 0.57689988325773289279
355 0.693359375 0.46818453043662855428
355 0.693359375 0.49212256588512554023
361 0.705078125 0.6662955100381972029
367 0.716796875 0.64756144205534371672
368 0.71875 0.4196045786364497876
363 0.708984375 0.73480158196141565075
359 0.701171875 0.12565582623917900817
356 0.6953125 0.4743897084526808583
346 0.67578125 0.32191373183547516978
338 0.66015625 0.25866530661562109339
339 0.662109375 0.28366046521905696753
342 0.66796875 0.6255973908314097498
346 0.67578125 0.31315368136933846577
338 0.66015625 0.034448188487156063131
336 0.65625 0.30510413810743852725
340 0.6640625 0.24665398494520676675
343 0.669921875 0.51978177562541338919
347 0.677734375 0.20450954270375765187
349 0.681640625 0.58228282142653742248
356 0.6953125 0.34548762996897047772
349 0.681640625 0.47940789754851770299
349 0.681640625 0.40327555861165348405
350 0.68359375 0.29883718760802868708
351 0.685546875 0.046128764743549953431
352 0.6875 0.4967729945099320088
345 0.673828125 0.4319485091699762358
347 0.677734375 0.26097674445241575425
346 0.67578125 0.63261140789866399103
343 0.669921875 0.21237990882234814016
342 0.66796875 0.44293940212783594612
343 0.669921875 0.37536515028690081719
346 0.67578125 0.52107639783632497821
349 0.681640625 0.32493092972755138748
342 0.66796875 0.37547411738546543347
343 0.669921875 0.41829827004351555209
336 0.65625 0.47099838993448522872
336 0.65625 0.32882677410241206717
327 0.638671875 -0.0081916113473889575619
331 0.646484375 0.075071057093243090397
328 0.640625 0.091427212212071326536
328 0.640625 0.18881811687957236745
332 0.6484375 0.23674696211226833875
332 0.6484375 0.4931484007033777317
333 0.650390625 0.44082469140054564294
337 0.658203125 0.40211607434462065536
331 0.646484375 0.3005522956780421473
336 0.65625 0.16624721076406581699
341 0.666015625 0.76399651288163328289
349 0.681640625 0.48559876142260183229
344 0.671875 0.091712124892230087458
346 0.67578125 0.41191072991578830953
352 0.6875 0.49926693652347009511
354 0.69140625 0.073929072848469057355
355 0.693359375 0.25834867176149062251
353 0.689453125 0.45744388875972746833
354 0.69140625 0.64655364725531705439
355 0.693359375 0.39842881492263443333
355 0.693359375 0.23796972818129979999
362 0.70703125 0.58340774423403685134
357 0.697265625 0.52299807303907241973
356 0.6953125 0.38376027686509112113
360 0.703125 0.60481484995413226091
362 0.70703125 0.38531568749249939243
360 0.703125 0.70988090765898537171
361 0.705078125 0.65290130043510141711
353 0.689453125 0.42444344983502474422
359 0.701171875 0.71102000600676273923
356 0.6953125 0.59491020357036850097
353 0.689453125 0.25025302970964424798
349 0.681640625 0.56994901462767555422
345 0.673828125 0.51960966520276075098
347 0.677734375 0.4040740940607559506
345 0.673828125 0.13989068456420217235
349 0.681640625 0.54984015628356808225
349 0.681640625 0.19573455789688334883
351 0.685546875 0.19474677397331907613
349 0.681640625 0.47186836570075202379
350 0.68359375 0.52884603916258576817
